DESCTRL.IN

Design code: AISC
Frame type: ClearSpan
Span (m): 33.53
Eave height (m): 9.0
Bay spacing: 1@7.16+2@7.165+1@7.16

[Members]
Mark, WebStart(mm), WebEnd(mm), WebThk(mm), Length(mm), IF_W(mm), IF_T(mm), OF_W(mm), OF_T(mm), KgPerM
M1-1, 300, 800, 4, 6910, 125, 6, 125, 6, 29.05
M1-2, 300, 800, 4, 1, 125, 6, 125, 6, 29.05
M1-3, 300, 800, 4, 6841, 125, 6, 125, 6, 29.05
M1-4, 300, 800, 4, 1, 125, 6, 125, 6, 29.05
M1-5, 300, 800, 4, 6836, 125, 6, 125, 6, 29.05
M1-6, 300, 800, 4, 1, 125, 6, 125, 6, 29.05
M1-7, 300, 800, 4, 6836, 125, 6, 125, 6, 29.05
M1-8, 300, 800, 4, 70, 125, 6, 125, 6, 29.05
M2-1, 300, 800, 4, 6910, 125, 6, 125, 6, 29.05
M2-2, 300, 800, 4, 1, 125, 6, 125, 6, 29.05
M2-3, 300, 800, 4, 6841, 125, 6, 125, 6, 29.05
M2-4, 300, 800, 4, 1, 125, 6, 125, 6, 29.05
M2-5, 300, 800, 4, 6836, 125, 6, 125, 6, 29.05
M2-6, 300, 800, 4, 1, 125, 6, 125, 6, 29.05
M2-7, 300, 800, 4, 6836, 125, 6, 125, 6, 29.05
M2-8, 300, 800, 4, 70, 125, 6, 125, 6, 29.05
M3-1, 300, 800, 4, 6910, 125, 6, 125, 6, 29.05
M3-2, 300, 800, 4, 1, 125, 6, 125, 6, 29.05
M3-3, 300, 800, 4, 6841, 125, 6, 125, 6, 29.05
M3-4, 300, 800, 4, 1, 125, 6, 125, 6, 29.05
M3-5, 300, 800, 4, 6836, 125, 6, 125, 6, 29.05
M3-6, 300, 800, 4, 1, 125, 6, 125, 6, 29.05
M3-7, 300, 800, 4, 6836, 125, 6, 125, 6, 29.05
M3-8, 300, 800, 4, 70, 125, 6, 125, 6, 29.05
M4-1, 300, 800, 4, 6910, 125, 6, 125, 6, 29.05
M4-2, 300, 800, 4, 1, 125, 6, 125, 6, 29.05
M4-3, 300, 800, 4, 6841, 125, 6, 125, 6, 29.05
M4-4, 300, 800, 4, 1, 125, 6, 125, 6, 29.05
M4-5, 300, 800, 4, 6836, 125, 6, 125, 6, 29.05
M4-6, 300, 800, 4, 1, 125, 6, 125, 6, 29.05
M4-7, 300, 800, 4, 6836, 125, 6, 125, 6, 29.05
M4-8, 300, 800, 4, 70, 125, 6, 125, 6, 29.05
M5-1, 300, 800, 4, 6910, 125, 6, 125, 6, 29.05
M5-2, 300, 800, 4, 1, 125, 6, 125, 6, 29.05
M5-3, 300, 800, 4, 6841, 125, 6, 125, 6, 29.05
M5-4, 300, 800, 4, 1, 125, 6, 125, 6, 29.05
M5-5, 300, 800, 4, 6836, 125, 6, 125, 6, 29.05
M5-6, 300, 800, 4, 1, 125, 6, 125, 6, 29.05
M5-7, 300, 800, 4, 6836, 125, 6, 125, 6, 29.05
M5-8, 300, 800, 4, 70, 125, 6, 125, 6, 29.05
M6-1, 300, 800, 4, 6910, 125, 6, 125, 6, 29.05
M6-2, 300, 800, 4, 1, 125, 6, 125, 6, 29.05
M6-3, 300, 800, 4, 6841, 125, 6, 125, 6, 29.05
M6-4, 300, 800, 4, 1, 125, 6, 125, 6, 29.05
M6-5, 300, 800, 4, 6836, 125, 6, 125, 6, 29.05
M6-6, 300, 800, 4, 1, 125, 6, 125, 6, 29.05
M6-7, 300, 800, 4, 6836, 125, 6, 125, 6, 29.05
M6-8, 300, 800, 4, 70, 125, 6, 125, 6, 29.05
